2 5 12 0
4 15 16 0
12 31 33 0
6 18 38 2
18 47 51 0
15 39 56 4
23 60 66 0
25 66 67 0
33 82 100 0
39 101 106 0
26 67 109 23
37 96 116 13
32 81 124 35
52 145 158 0
48 131 162 13
56 162 169 0
58 169 176 0
53 149 181 27
64 185 198 0
68 194 217 4
74 209 221 8
67 193 232 28
63 184 250 47
27 68 255 172
62 183 256 72
65 190 264 66
30 76 268 188
95 270 272 0
94 269 277 2
40 104 283 172
89 255 289 28
100 289 290 0
19 49 298 237
7 20 306 277
84 241 313 65
36 91 314 222
31 77 331 237
59 171 351 160
78 220 352 131
99 284 370 68
41 109 378 261
8 23 384 355
16 41 392 343
35 89 394 303
24 63 411 331
5 16 415 393
42 111 426 304
54 154 435 272
90 256 448 179
66 192 461 256
91 261 480 200
34 85 486 395
81 231 502 255
47 126 522 376
93 268 530 254
46 122 531 408
88 253 541 278
69 199 542 342
80 226 560 316
76 214 576 346
85 245 588 331
97 277 598 311
51 143 611 455
82 234 631 377
45 117 650 514
75 213 669 437
13 33 675 636
50 141 683 534
96 275 700 408
72 203 705 497
10 27 723 678
28 70 735 653
87 251 751 484
71 202 756 549
92 265 761 491
43 115 767 646
57 164 772 603
9 25 791 747
49 136 803 655
38 100 822 703
17 43 830 779
73 204 841 626
61 180 859 661
20 52 873 807
79 222 879 651
3 10 896 866
21 53 911 843
55 159 920 752
1 0 927 915
77 218 930 709
44 116 939 814
83 238 954 701
60 176 964 778
86 248 979 716
98 282 986 697
11 30 990 956
22 56 1009 934
14 36 1026 973
29 71 1028 955
70 200 1043 828
