1 0 12 0
2 5 19 7
3 10 39 9
4 15 40 24
5 16 46 24
6 18 64 28
7 20 73 44
8 23 79 50
9 25 98 54
10 27 116 71
11 30 120 86
12 31 122 89
13 33 128 89
14 36 145 92
15 39 158 106
16 41 166 117
17 43 174 123
18 47 178 127
19 49 190 129
20 52 204 138
21 53 219 151
22 56 238 163
23 60 244 178
24 63 261 181
25 66 262 195
26 67 281 195
27 68 296 213
28 70 308 226
29 71 310 237
30 76 314 234
31 77 331 237
32 81 339 250
33 82 357 257
34 85 363 272
35 89 365 274
36 91 366 274
37 96 373 270
38 100 392 273
39 101 397 291
40 104 404 293
41 109 412 295
42 111 423 301
43 115 429 308
44 116 438 313
45 117 457 321
46 122 458 335
47 126 478 332
48 131 496 347
49 136 508 360
50 141 516 367
51 143 529 373
52 145 542 384
53 149 547 393
54 154 556 393
55 159 565 397
56 162 572 403
57 164 577 408
58 169 584 408
59 171 604 413
60 176 614 428
61 180 632 434
62 183 633 449
63 184 652 449
64 185 665 467
65 190 673 475
66 192 686 481
67 193 697 493
68 194 716 503
69 199 717 517
70 200 732 517
71 202 737 530
72 203 742 534
73 204 753 538
74 209 757 544
75 213 776 544
76 214 792 562
77 218 795 574
78 220 796 575
79 222 802 574
80 226 820 576
81 231 836 589
82 234 856 602
83 238 871 618
84 241 878 630
85 245 890 633
86 248 905 642
87 251 921 654
88 253 931 668
89 255 937 676
90 256 950 681
91 261 969 689
92 265 974 704
93 268 982 706
94 269 988 713
95 270 990 718
96 275 1007 715
97 277 1017 730
98 282 1024 735
99 284 1042 740
100 289 1043 753
